sid	SRS014629	SRS017520	SRS052756	SRS020349	SRS021969	SRS019379	SRS016191	SRS011584	SRS022158	SRS019989	SRS023850	SRS017700	SRS018769	SRS019600	SRS049237	SRS056695	SRS042858	SRS016111	SRS052620	SRS047335	SRS044742	SRS024068	SRS051505	SRS013542	SRS077751	SRS015168	SRS042428	SRS055298	SRS063417	SRS062520	SRS015425	SRS012294	SRS014494	SRS016559	SRS064376	SRS064704	SRS024428	SRS052330	SRS057807	SRS050184	SRS016516	SRS017497	SRS065347	SRS015073	SRS022734	SRS011355	SRS054962	SRS015054	SRS011269	SRS022092	SRS015225
k__Bacteria	100.0	100.0	100.0	99.99965	100.0	100.0	100.0	100.0	100.0	100.0	100.0	100.0	100.0	100.0	100.0	100.0	100.0	100.0	100.0	100.0	100.0	100.0	100.0	99.99934	100.0	99.99965	99.99917	100.0	100.0	100.0	100.0	100.0	99.98637	100.0	100.0	100.0	99.99942	100.0	100.0	100.0	100.0	99.98966	100.0	99.99664	100.0	100.0	99.99896	100.0	99.99976	100.0	100.0
k__Bacteria|p__Firmicutes	99.57749	99.31239	98.68811	99.13874	99.52989	97.37876	99.36611	99.02384	98.45897	98.36131	69.51867	99.50707	99.04458	99.32606	96.61142	99.39114	99.59812	99.34578	58.21038	99.76911	95.30334	88.89101	80.81883	2.96825	99.62156	99.18919	99.65634	96.75481	98.21991	99.83031	99.43514	99.60615	93.87061	99.66984	98.96599	99.51223	66.0308	99.82128	99.40675	98.41521	99.6345	1.69226	99.35906	97.94099	95.72421	99.5446	98.37468	98.46576	88.5512	99.58133	98.97414
k__Bacteria|p__Firmicutes|c__Bacilli	99.56105	99.28696	98.64321	99.06911	99.50947	97.3714	99.29544	98.97957	98.45297	98.3121	67.5814	99.49211	98.816	99.27975	96.54073	99.36779	99.58139	99.33831	58.19295	99.60698	94.93587	88.75364	79.82751	1.33052	99.62156	99.0281	99.64914	96.55037	98.19714	99.74937	99.43127	99.59171	91.68794	99.66702	98.89079	99.48027	65.99892	99.60409	99.39681	98.34551	99.6285	0.12613	99.34539	97.75331	95.66905	99.51504	98.33931	98.44907	88.15009	99.57549	98.77914
k__Bacteria|p__Firmicutes|c__Bacilli|o__Lactobacillales	99.55797	99.17612	98.63896	99.06584	99.49778	97.3714	99.28306	98.96773	98.44747	98.309	67.54738	99.4908	98.80555	99.27809	96.53983	99.36385	99.5761	99.33831	58.18727	99.60577	94.93587	88.75197	79.80851	1.32288	99.62	99.0281	99.64126	96.53853	98.19714	99.73194	99.42901	99.57979	91.67425	99.65878	98.88163	99.44225	65.99506	99.56845	99.38981	98.31804	99.62579	0.11905	99.3269	97.75036	95.66905	99.51005	97.99388	98.44065	88.1455	99.55486	98.77485
k__Bacteria|p__Firmicutes|c__Bacilli|o__Lactobacillales|f__Lactobacillaceae	99.41447	99.03616	98.6193	98.86964	99.49618	97.36671	99.05579	98.92306	98.44648	98.15805	66.62475	99.3184	98.57759	99.24973	96.5382	99.3615	99.51806	99.32413	58.16653	99.60496	94.93587	88.75197	79.76859	1.30382	99.60439	98.85488	99.62945	96.44223	98.19714	99.69615	99.37373	99.57751	91.58376	99.64741	98.76456	99.36129	65.99256	99.26101	99.1896	98.24468	99.62342	0.11821	99.19786	97.72095	95.66512	99.3945	97.91555	98.25126	87.62017	99.55328	98.77485
k__Bacteria|p__Firmicutes|c__Bacilli|o__Lactobacillales|f__Lactobacillaceae|g__Lactobacillus	99.41447	99.03616	98.6193	98.86964	99.49618	97.36671	99.05579	98.92306	98.44648	98.15805	66.62475	99.31834	98.57759	99.24973	96.5382	99.3615	99.51806	99.32413	58.16653	99.60448	94.93302	88.75197	79.76859	1.30382	99.60439	98.85451	99.62945	96.44017	98.19714	99.69615	99.36315	99.57751	91.58376	99.64741	98.75298	99.36129	65.99256	99.26101	99.1896	98.24304	99.62342	0.11821	99.19786	97.71931	95.66512	99.39439	97.91533	98.25126	87.62017	99.55328	98.772
k__Bacteria|p__Firmicutes|c__Bacilli|o__Lactobacillales|f__Lactobacillaceae|g__Lactobacillus|s__Lactobacillus_crispatus	0.00103	96.48087	0.0	97.91244	93.41361	0.00166	97.5387	0.00265	91.88281	96.46485	0.02223	97.97382	97.42745	98.4752	57.16445	97.28331	98.93335	0.0	0.0	7e-05	56.12606	0.00075	25.74839	0.00039	98.94023	96.71304	0.0	0.0	0.0	0.00147	98.32266	0.0	66.13987	99.03356	97.02458	0.0032	0.00058	0.0	97.72286	0.00299	98.82101	0.0	94.31507	28.99315	0.0	98.41219	0.14478	94.48117	0.00361	0.0	0.0
k__Bacteria|p__Firmicutes|c__Bacilli|o__Lactobacillales|f__Lactobacillaceae|g__Lactobacillus|s__Lactobacillus_iners	0.03269	0.00214	98.61072	0.0	4.8993	0.0	0.04136	0.05182	0.03606	0.00095	0.0	0.0003	0.13397	0.0	36.04819	0.00154	0.00222	99.20784	0.0	88.46196	34.92499	0.05625	51.02772	1.3004	0.0	0.92869	71.36836	93.70737	0.04301	0.0	0.0	0.05762	19.00716	0.0	0.00091	61.76905	0.00212	0.0218	0.00021	69.06221	0.0	0.11251	0.00033	67.89056	0.0	0.12684	97.14106	0.00329	0.05368	0.04723	89.23142
k__Bacteria|p__Firmicutes|c__Bacilli|o__Lactobacillales|f__Lactobacillaceae|g__Lactobacillus|s__Lactobacillus_jensenii	99.27222	1.6483	0.0	0.00078	0.0	0.00158	0.47112	98.79387	5.17682	0.82487	0.00704	0.35147	0.00239	0.0	1.7927	1.08201	0.00074	0.00127	0.00228	1.46542	2.51224	88.64294	2.36829	0.0	0.0	0.27795	28.24733	1.24778	97.82812	0.0	0.0002	99.48268	5.87479	0.00073	0.0	37.56247	0.0	97.81235	0.58703	28.31256	0.0	0.0	3.75359	0.37462	0.00577	0.10497	0.48607	2.90319	83.57164	99.45598	7.67155
k__Bacteria|p__Firmicutes|c__Bacilli|o__Lactobacillales|f__Lactobacillaceae|g__Lactobacillus|s__Lactobacillus_gasseri	0.0	0.0	0.0	0.0	0.00217	97.23356	0.04359	0.0	0.58988	0.03539	63.19859	0.00063	0.0	0.0	0.0	0.0	0.00038	0.06615	58.09734	9.43534	0.05459	0.0	0.03047	0.0	0.0	0.03448	0.0	0.0	0.0	99.61607	0.03135	0.00181	0.04792	0.0	0.02668	0.00642	65.83337	0.0	0.00124	0.0	0.0	0.0	0.0	0.0	95.58664	0.00547	0.00035	0.00041	3.28201	0.0	1.70558
k__Bacteria|p__Actinobacteria	0.05712	0.04784	0.1884	0.35921	0.01547	2.50734	0.05798	0.44014	0.07482	1.00691	17.18065	0.04567	0.07927	0.09348	0.10911	0.01479	0.00223	0.03327	41.76525	0.00302	3.61446	10.22937	18.8201	62.3544	0.00671	0.06669	0.06777	0.03796	0.03576	0.05701	0.00625	0.01288	0.13435	0.06048	0.11515	0.09399	29.55852	0.04602	0.01677	0.6461	0.03329	48.25951	0.01971	1.66961	4.2573	0.01419	1.3368	0.03704	10.44563	0.02305	0.04157
k__Bacteria|p__Actinobacteria|c__Actinobacteria	0.05712	0.04784	0.1884	0.35921	0.01547	2.50734	0.05798	0.44014	0.07482	1.00691	17.18065	0.04567	0.07927	0.09348	0.10911	0.01479	0.00223	0.03327	41.76525	0.00302	3.61446	10.22937	18.8201	62.3544	0.00671	0.06669	0.06777	0.03796	0.03576	0.05701	0.00625	0.01288	0.13435	0.06048	0.11515	0.09399	29.55852	0.04602	0.01677	0.6461	0.03329	48.25951	0.01971	1.66961	4.2573	0.01419	1.3368	0.03704	10.44563	0.02305	0.04157
k__Bacteria|p__Actinobacteria|c__Actinobacteria|o__Bifidobacteriales|f__Bifidobacteriaceae	0.0	0.0014	0.0	0.33367	0.0	2.47111	0.00039	0.34925	0.01178	0.97722	15.83689	0.04258	0.05233	0.00133	0.08776	0.0	0.0	0.0	41.74681	0.0	3.50588	9.91815	17.8976	46.07704	0.0	0.04982	0.00212	0.0	0.00568	0.00234	0.00017	0.0	0.01265	0.0	0.00247	0.00415	29.46513	0.0	0.00054	0.00048	0.00754	23.33876	0.0	1.64737	4.24543	0.001	0.00665	0.00032	10.00139	0.0	0.00915
k__Bacteria|p__Actinobacteria|c__Actinobacteria|o__Bifidobacteriales	0.0	0.0014	0.0	0.33367	0.0	2.47111	0.00039	0.34925	0.01178	0.97722	15.83689	0.04258	0.05233	0.00133	0.08776	0.0	0.0	0.0	41.74681	0.0	3.50588	9.91815	17.8976	46.07704	0.0	0.04982	0.00212	0.0	0.00568	0.00234	0.00017	0.0	0.01265	0.0	0.00247	0.00415	29.46513	0.0	0.00054	0.00048	0.00754	23.33876	0.0	1.64737	4.24543	0.001	0.00665	0.00032	10.00139	0.0	0.00915
k__Bacteria|p__Actinobacteria|c__Actinobacteria|o__Bifidobacteriales|f__Bifidobacteriaceae|g__Gardnerella|s__Gardnerella_vaginalis	0.0	0.0014	0.0	0.333	0.0	2.47111	0.00039	0.34925	0.01178	0.94099	0.01777	0.04258	0.05233	0.00133	0.08776	0.0	0.0	0.0	0.0	0.0	3.50588	9.51577	17.27767	42.89443	0.0	0.04982	0.00212	0.0	0.0	0.00234	0.00017	0.0	0.0075	0.0	0.0	0.00415	28.6474	0.0	0.00054	0.00048	0.0	22.37275	0.0	1.64737	0.0	0.001	0.00582	0.0	9.73063	0.0	0.00915
k__Bacteria|p__Actinobacteria|c__Actinobacteria|o__Bifidobacteriales|f__Bifidobacteriaceae|g__Gardnerella	0.0	0.0014	0.0	0.333	0.0	2.47111	0.00039	0.34925	0.01178	0.94099	0.01777	0.04258	0.05233	0.00133	0.08776	0.0	0.0	0.0	0.0	0.0	3.50588	9.51577	17.27767	42.89443	0.0	0.04982	0.00212	0.0	0.0	0.00234	0.00017	0.0	0.0075	0.0	0.0	0.00415	28.6474	0.0	0.00054	0.00048	0.0	22.37275	0.0	1.64737	0.0	0.001	0.00582	0.0	9.73063	0.0	0.00915
k__Bacteria|p__Bacteroidetes	0.05664	0.00869	0.23487	0.02718	0.00243	0.08166	0.07839	0.09153	0.0107	0.08007	12.98448	0.01525	0.45695	0.02347	0.11396	0.03241	0.00335	0.13064	0.0225	0.02087	0.32605	0.62866	0.00422	34.1916	0.0	0.19522	0.0172	0.04485	0.15344	0.06134	0.00932	0.01214	5.40983	0.0	0.30629	0.06633	0.01136	0.10872	0.02398	0.20723	0.01008	49.46763	0.00592	0.02938	0.01849	0.02672	0.01708	0.00222	0.75977	0.00904	0.05158
k__Bacteria|p__Bacteroidetes|c__Bacteroidia|o__Bacteroidales	0.05493	0.0072	0.23165	0.02718	0.00243	0.08166	0.07818	0.08274	0.00861	0.08007	12.95671	0.01509	0.45695	0.02347	0.11396	0.03169	0.00335	0.13064	0.0225	0.02074	0.32605	0.62866	0.00422	34.18161	0.0	0.19488	0.0045	0.03972	0.14928	0.05884	0.00878	0.01214	5.40723	0.0	0.26974	0.06031	0.01136	0.10872	0.02336	0.03263	0.01008	49.45835	0.00546	0.02938	0.01512	0.02672	0.01545	0.00222	0.75949	0.00904	0.05158
k__Bacteria|p__Bacteroidetes|c__Bacteroidia	0.05493	0.0072	0.23165	0.02718	0.00243	0.08166	0.07818	0.08274	0.00861	0.08007	12.95671	0.01509	0.45695	0.02347	0.11396	0.03169	0.00335	0.13064	0.0225	0.02074	0.32605	0.62866	0.00422	34.18161	0.0	0.19488	0.0045	0.03972	0.14928	0.05884	0.00878	0.01214	5.40723	0.0	0.26974	0.06031	0.01136	0.10872	0.02336	0.03263	0.01008	49.45835	0.00546	0.02938	0.01512	0.02672	0.01545	0.00222	0.75949	0.00904	0.05158
k__Bacteria|p__Bacteroidetes|c__Bacteroidia|o__Bacteroidales|f__Prevotellaceae	0.05216	0.00536	0.04755	0.02181	0.00243	0.00433	0.07567	0.0	0.001	0.06422	12.20504	0.01307	0.10522	0.01363	0.00162	0.02384	0.0004	0.0	0.01662	0.01287	0.31358	0.00252	0.00288	34.14617	0.0	0.16495	0.0012	0.03241	0.14402	0.0224	0.00242	0.00203	0.77959	0.0	0.00094	0.00997	0.00932	0.07865	0.02114	0.00954	0.0	49.29964	0.00411	0.01633	0.00704	0.02647	0.00958	0.00222	0.75244	0.0	0.04182
k__Bacteria|p__Bacteroidetes|c__Bacteroidia|o__Bacteroidales|f__Prevotellaceae|g__Prevotella	0.05216	0.00536	0.04755	0.02181	0.00243	0.00433	0.07567	0.0	0.001	0.06422	12.20504	0.01307	0.10522	0.01363	0.00162	0.02384	0.0004	0.0	0.01662	0.01287	0.31358	0.00252	0.00288	34.14617	0.0	0.16495	0.0012	0.03241	0.14402	0.0224	0.00242	0.00203	0.77959	0.0	0.00094	0.00997	0.00932	0.07865	0.02114	0.00954	0.0	49.29964	0.00411	0.01633	0.00704	0.02647	0.00958	0.00222	0.75244	0.0	0.04182
k__Bacteria|p__Bacteroidetes|c__Bacteroidia|o__Bacteroidales|f__Prevotellaceae|g__Prevotella|s__Prevotella_amnii	0.0	0.00145	0.0	0.0	0.0	0.0	0.00061	0.0	0.0	0.00043	0.00613	0.0001	0.0	0.0	0.0	0.0	0.0	0.0	0.0	0.0	0.00516	0.0	0.0	28.57466	0.0	0.00169	0.0	0.0	0.0	0.0	0.0	0.0	0.0	0.0	0.0	0.00331	0.0	0.00147	0.0	0.0	0.0	46.92976	0.0	0.0	0.0	0.00083	0.0006	0.0	0.03518	0.0	0.0
k__Bacteria|p__Actinobacteria|c__Actinobacteria|o__Bifidobacteriales|f__Bifidobacteriaceae|g__Bifidobacterium	0.0	0.0	0.0	0.00067	0.0	0.0	0.0	0.0	0.0	0.03623	15.81006	0.0	0.0	0.0	0.0	0.0	0.0	0.0	41.74583	0.0	0.0	0.40237	0.61663	3.17655	0.0	0.0	0.0	0.0	0.00568	0.0	0.0	0.0	0.00516	0.0	0.00247	0.0	0.81772	0.0	0.0	0.0	0.00754	0.96576	0.0	0.0	4.24543	0.0	0.00083	0.00032	0.27077	0.0	0.0
k__Bacteria|p__Actinobacteria|c__Actinobacteria|o__Bifidobacteriales|f__Bifidobacteriaceae|g__Bifidobacterium|s__Bifidobacterium_breve	0.0	0.0	0.0	0.0	0.0	0.0	0.0	0.0	0.0	0.0	0.10887	0.0	0.0	0.0	0.0	0.0	0.0	0.0	41.36625	0.0	0.0	0.00085	0.0	0.00439	0.0	0.0	0.0	0.0	0.00568	0.0	0.0	0.0	0.0	0.0	0.0	0.0	0.0	0.0	0.0	0.0	0.0	0.0	0.0	0.0	4.20736	0.0	0.0	0.00032	0.0	0.0	0.0
k__Bacteria|p__Actinobacteria|c__Actinobacteria|o__Coriobacteriales	0.0	0.0	0.00109	0.0	0.0	0.02198	9e-05	0.01791	0.0	0.01766	1.01887	0.00038	0.00331	0.00073	0.00155	0.00131	0.0	0.0	0.0	0.00018	0.07113	0.29771	0.81702	16.20283	0.0	0.00455	0.00039	0.00019	0.0	0.0	0.0	0.0	0.06204	0.0	0.0	0.00372	0.0	0.0	0.0	0.00157	0.0	24.92035	0.0	0.00927	0.0	0.0	0.00057	0.0	0.43457	0.00418	0.00089
k__Bacteria|p__Actinobacteria|c__Actinobacteria|o__Coriobacteriales|f__Coriobacteriaceae	0.0	0.0	0.00109	0.0	0.0	0.02198	9e-05	0.01791	0.0	0.01766	1.01887	0.00038	0.00331	0.00073	0.00155	0.00131	0.0	0.0	0.0	0.00018	0.07113	0.29771	0.81702	16.20283	0.0	0.00455	0.00039	0.00019	0.0	0.0	0.0	0.0	0.06204	0.0	0.0	0.00372	0.0	0.0	0.0	0.00157	0.0	24.92035	0.0	0.00927	0.0	0.0	0.00057	0.0	0.43457	0.00418	0.00089
k__Bacteria|p__Actinobacteria|c__Actinobacteria|o__Coriobacteriales|f__Coriobacteriaceae|g__Atopobium	0.0	0.0	0.0	0.0	0.0	0.02198	9e-05	0.01791	0.0	0.01766	1.00869	0.00027	0.00331	0.00073	0.0	0.00023	0.0	0.0	0.0	5e-05	0.07113	0.28688	0.81702	16.20283	0.0	0.00455	0.00039	0.0	0.0	0.0	0.0	0.0	0.00345	0.0	0.0	0.00304	0.0	0.0	0.0	0.00157	0.0	24.91963	0.0	0.00927	0.0	0.0	0.00057	0.0	0.43383	0.00418	0.0
k__Bacteria|p__Actinobacteria|c__Actinobacteria|o__Coriobacteriales|f__Coriobacteriaceae|g__Atopobium|s__Atopobium_vaginae	0.0	0.0	0.0	0.0	0.0	0.02198	9e-05	0.01559	0.0	0.01766	0.00545	0.00027	0.0	0.0	0.0	0.00023	0.0	0.0	0.0	5e-05	0.07113	0.28688	0.81632	16.19874	0.0	0.0042	0.0	0.0	0.0	0.0	0.0	0.0	0.00345	0.0	0.0	0.00059	0.0	0.0	0.0	0.0	0.0	24.90734	0.0	0.00927	0.0	0.0	0.00036	0.0	0.43277	0.00124	0.0
k__Bacteria|p__Firmicutes|c__Bacilli|o__Lactobacillales|f__Lactobacillaceae|g__Lactobacillus|s__Lactobacillus_brevis	0.0	0.78597	0.0	0.93716	0.95	0.0	0.90148	0.0	0.64102	0.7178	0.0	0.85693	0.6934	0.72234	0.76275	0.92108	0.57026	0.0	0.0	0.0	0.63255	0.0	0.32592	0.0	0.65398	0.51955	0.0	0.54951	0.0	0.0	0.75688	0.0	0.09064	0.59984	1.15714	0.0	0.0	0.0	0.8002	0.32894	0.78953	0.0	0.96707	0.20871	0.0	0.66645	0.00703	0.73012	0.0	0.0	0.0
k__Bacteria|p__Tenericutes|c__Mollicutes	0.00076	0.0	0.63635	0.00304	0.0	0.0	0.00019	0.02811	1.16068	0.10154	0.0	0.00147	0.00096	0.0	2.77232	0.0	0.0	0.00207	0.0	0.03802	0.70802	0.01824	0.18945	0.1981	0.0	0.14861	0.0	2.98601	0.0	0.0	0.0	0.0	0.0	0.0	0.00058	0.00062	4.32711	0.00141	0.00013	0.14912	0.00066	0.1659	0.1978	0.19365	0.0	0.00042	0.0004	0.68455	0.01338	0.0	0.00044
k__Bacteria|p__Tenericutes	0.00076	0.0	0.63635	0.00304	0.0	0.0	0.00019	0.02811	1.16068	0.10154	0.0	0.00147	0.00096	0.0	2.77232	0.0	0.0	0.00207	0.0	0.03802	0.70802	0.01824	0.18945	0.1981	0.0	0.14861	0.0	2.98601	0.0	0.0	0.0	0.0	0.0	0.0	0.00058	0.00062	4.32711	0.00141	0.00013	0.14912	0.00066	0.1659	0.1978	0.19365	0.0	0.00042	0.0004	0.68455	0.01338	0.0	0.00044
k__Bacteria|p__Tenericutes|c__Mollicutes|o__Mycoplasmatales|f__Mycoplasmataceae	0.00076	0.0	0.63635	0.00304	0.0	0.0	0.00019	0.0	1.16068	0.10154	0.0	0.00147	0.00096	0.0	2.77232	0.0	0.0	0.00207	0.0	0.03802	0.70802	0.0029	0.18945	0.19776	0.0	0.14861	0.0	2.98601	0.0	0.0	0.0	0.0	0.0	0.0	0.00058	0.00062	4.32711	0.00141	0.00013	0.14278	0.00066	0.1654	0.1978	0.19365	0.0	0.00042	0.0004	0.68455	0.00013	0.0	0.00044
k__Bacteria|p__Tenericutes|c__Mollicutes|o__Mycoplasmatales	0.00076	0.0	0.63635	0.00304	0.0	0.0	0.00019	0.0	1.16068	0.10154	0.0	0.00147	0.00096	0.0	2.77232	0.0	0.0	0.00207	0.0	0.03802	0.70802	0.0029	0.18945	0.19776	0.0	0.14861	0.0	2.98601	0.0	0.0	0.0	0.0	0.0	0.0	0.00058	0.00062	4.32711	0.00141	0.00013	0.14278	0.00066	0.1654	0.1978	0.19365	0.0	0.00042	0.0004	0.68455	0.00013	0.0	0.00044
k__Bacteria|p__Tenericutes|c__Mollicutes|o__Mycoplasmatales|f__Mycoplasmataceae|g__Ureaplasma	0.0	0.0	0.63635	0.0	0.0	0.0	0.0	0.0	1.16068	0.10134	0.0	0.00147	0.0	0.0	2.75205	0.0	0.0	0.0	0.0	0.0379	0.70802	0.0	0.14649	0.19629	0.0	0.14861	0.0	2.98601	0.0	0.0	0.0	0.0	0.0	0.0	0.0	0.0	4.32665	0.0	0.0	0.14278	0.0	0.00398	0.1978	0.19365	0.0	0.0	0.0	0.68399	0.0	0.0	0.0
k__Bacteria|p__Actinobacteria|c__Actinobacteria|o__Bifidobacteriales|f__Bifidobacteriaceae|g__Bifidobacterium|s__Bifidobacterium_dentium	0.0	0.0	0.0	0.0	0.0	0.0	0.0	0.0	0.0	0.0	13.08293	0.0	0.0	0.0	0.0	0.0	0.0	0.0	0.0	0.0	0.0	0.0	0.0	0.0	0.0	0.0	0.0	0.0	0.0	0.0	0.0	0.0	0.0	0.0	0.0	0.0	0.0	0.0	0.0	0.0	0.0	0.0	0.0	0.0	0.0	0.0	0.0	0.0	0.0	0.0	0.0
k__Bacteria|p__Bacteroidetes|c__Bacteroidia|o__Bacteroidales|f__Prevotellaceae|g__Prevotella|s__Prevotella_multiformis	0.0	0.0	0.0	0.0	0.0	0.00162	0.00012	0.0	0.0	0.0	11.64678	0.00012	0.0	0.0	0.0	0.0	0.0	0.0	0.0	7e-05	0.0	0.0	0.0	0.23523	0.0	0.0	0.0	0.00022	0.0	0.0	0.0	0.0	0.00306	0.0	0.0	0.0	0.0	0.0	0.0	0.0	0.0	0.00076	0.0	0.0	0.0	0.0	0.00047	0.0	0.0005	0.0	0.0
k__Bacteria|p__Tenericutes|c__Mollicutes|o__Mycoplasmatales|f__Mycoplasmataceae|g__Ureaplasma|s__Ureaplasma_parvum	0.0	0.0	0.2943	0.0	0.0	0.0	0.0	0.0	0.69022	0.08942	0.0	0.0	0.0	0.0	2.24515	0.0	0.0	0.0	0.0	0.0366	0.70802	0.0	0.096	0.1022	0.0	0.03409	0.0	2.52232	0.0	0.0	0.0	0.0	0.0	0.0	0.0	0.0	3.33921	0.0	0.0	0.14278	0.0	0.0	0.1978	0.19365	0.0	0.0	0.0	0.61062	0.0	0.0	0.0
k__Bacteria|p__Chlamydiae|c__Chlamydiae	0.0	0.43315	0.0	0.38281	0.45083	0.0	0.42611	0.0	0.2704	0.38322	0.0	0.41683	0.29442	0.49133	0.22467	0.49336	0.38813	0.0	0.0	0.0	0.0	0.0	0.00063	0.07515	0.36854	0.36984	0.0	0.0	0.0	0.0	0.47505	0.0	0.27959	0.26357	0.50294	0.0	0.0	0.0	0.51804	0.0	0.31613	0.10013	0.40019	0.0	0.0	0.4023	0.0	0.43992	0.0	0.0	0.0
k__Bacteria|p__Chlamydiae	0.0	0.43315	0.0	0.38281	0.45083	0.0	0.42611	0.0	0.2704	0.38322	0.0	0.41683	0.29442	0.49133	0.22467	0.49336	0.38813	0.0	0.0	0.0	0.0	0.0	0.00063	0.07515	0.36854	0.36984	0.0	0.0	0.0	0.0	0.47505	0.0	0.27959	0.26357	0.50294	0.0	0.0	0.0	0.51804	0.0	0.31613	0.10013	0.40019	0.0	0.0	0.4023	0.0	0.43992	0.0	0.0	0.0
k__Bacteria|p__Chlamydiae|c__Chlamydiae|o__Chlamydiales	0.0	0.43315	0.0	0.38281	0.45083	0.0	0.42611	0.0	0.2704	0.38322	0.0	0.41683	0.29442	0.49133	0.22467	0.49336	0.38813	0.0	0.0	0.0	0.0	0.0	0.00063	0.07515	0.36854	0.36984	0.0	0.0	0.0	0.0	0.47505	0.0	0.27959	0.26357	0.50294	0.0	0.0	0.0	0.51804	0.0	0.31613	0.10013	0.40019	0.0	0.0	0.4023	0.0	0.43992	0.0	0.0	0.0
k__Bacteria|p__Chlamydiae|c__Chlamydiae|o__Chlamydiales|f__Chlamydiaceae	0.0	0.43315	0.0	0.38281	0.45083	0.0	0.42611	0.0	0.2704	0.38322	0.0	0.41683	0.29442	0.49133	0.22467	0.49336	0.38813	0.0	0.0	0.0	0.0	0.0	0.00063	0.07484	0.36854	0.36984	0.0	0.0	0.0	0.0	0.47505	0.0	0.27959	0.26357	0.50294	0.0	0.0	0.0	0.51804	0.0	0.31613	0.10013	0.40019	0.0	0.0	0.40221	0.0	0.43992	0.0	0.0	0.0
k__Bacteria|p__Chlamydiae|c__Chlamydiae|o__Chlamydiales|f__Chlamydiaceae|g__Chlamydiaceae_unclassified	0.0	0.43315	0.0	0.38281	0.45083	0.0	0.42611	0.0	0.2704	0.38322	0.0	0.41683	0.29442	0.49133	0.22467	0.49336	0.38813	0.0	0.0	0.0	0.0	0.0	0.0	0.07484	0.36854	0.36984	0.0	0.0	0.0	0.0	0.47505	0.0	0.27959	0.26357	0.50294	0.0	0.0	0.0	0.51804	0.0	0.31613	0.10013	0.40019	0.0	0.0	0.40221	0.0	0.43992	0.0	0.0	0.0
k__Bacteria|p__Bacteroidetes|c__Bacteroidia|o__Bacteroidales|f__Prevotellaceae|g__Prevotella|s__Prevotella_timonensis	0.04696	0.0	0.0	0.01769	0.0	0.00271	0.02366	0.0	0.001	0.01473	0.06046	0.00171	0.0	0.0	0.0	0.01822	0.0	0.0	0.01662	0.01206	0.21617	0.0	0.0	5.07252	0.0	0.1203	0.0	0.00239	0.11886	0.0	0.0	0.0	0.0	0.0	0.0	0.00196	0.0	0.0	0.00042	0.0	0.0	0.84689	0.0	0.0	0.0033	0.00449	0.0004	0.0	0.08369	0.0	0.03525
k__Bacteria|p__Firmicutes|c__Clostridia	0.0147	0.02543	0.04018	0.06414	0.02042	0.00586	0.06543	0.01665	0.00321	0.04118	0.11352	0.01203	0.18288	0.02107	0.05604	0.02336	0.01673	0.0063	0.0021	0.16102	0.33325	0.08942	0.01056	0.59347	0.0	0.1481	0.00554	0.19421	0.02277	0.07694	0.00349	0.01444	2.11868	0.00281	0.064	0.02302	0.03188	0.15507	0.00812	0.02417	0.006	0.65976	0.00896	0.16654	0.02251	0.02496	0.03207	0.01619	0.35522	0.00583	0.19405
k__Bacteria|p__Firmicutes|c__Clostridia|o__Clostridiales	0.0147	0.02543	0.04018	0.06	0.02042	0.00586	0.06543	0.01665	0.00321	0.04076	0.11352	0.01203	0.18288	0.02107	0.05604	0.02336	0.01673	0.0063	0.0021	0.16102	0.33325	0.08877	0.01056	0.59211	0.0	0.1481	0.00554	0.19401	0.02277	0.07694	0.00349	0.01444	2.11868	0.00281	0.064	0.02302	0.03188	0.15361	0.00812	0.02417	0.006	0.65976	0.00896	0.16654	0.02251	0.02476	0.03207	0.01619	0.35508	0.00583	0.19405
k__Bacteria|p__Actinobacteria|c__Actinobacteria|o__Bifidobacteriales|f__Bifidobacteriaceae|g__Bifidobacterium|s__Bifidobacterium_unclassified	0.0	0.0	0.0	0.0	0.0	0.0	0.0	0.0	0.0	0.03125	0.0	0.0	0.0	0.0	0.0	0.0	0.0	0.0	0.0	0.0	0.0	0.40152	0.61459	3.16344	0.0	0.0	0.0	0.0	0.0	0.0	0.0	0.0	0.0	0.0	0.0	0.0	0.81772	0.0	0.0	0.0	0.0	0.96576	0.0	0.0	0.0	0.0	0.0	0.0	0.27018	0.0	0.0
k__Bacteria|p__Bacteroidetes|c__Bacteroidia|o__Bacteroidales|f__Bacteroidaceae|g__Bacteroides	0.0	0.00184	0.08232	0.00328	0.0	0.05921	0.00177	0.06576	0.00517	0.00658	0.73637	0.00092	0.16607	0.00984	0.10616	0.00475	0.0	0.07788	0.00504	0.0	0.0	0.30655	0.0	0.02053	0.0	0.02301	0.00062	0.0036	0.0	0.01969	0.00552	0.00519	3.84406	0.0	0.22048	0.03945	0.00204	0.02365	0.00155	0.01753	0.01008	0.0025	0.00046	0.0059	0.00121	0.0	0.00512	0.0	0.0058	0.0	0.00274
k__Bacteria|p__Bacteroidetes|c__Bacteroidia|o__Bacteroidales|f__Bacteroidaceae	0.0	0.00184	0.08232	0.00328	0.0	0.05921	0.00177	0.06576	0.00517	0.00658	0.73637	0.00092	0.16607	0.00984	0.10616	0.00475	0.0	0.07788	0.00504	0.0	0.0	0.30655	0.0	0.02053	0.0	0.02301	0.00062	0.0036	0.0	0.01969	0.00552	0.00519	3.84406	0.0	0.22048	0.03945	0.00204	0.02365	0.00155	0.01753	0.01008	0.0025	0.00046	0.0059	0.00121	0.0	0.00512	0.0	0.0058	0.0	0.00274
k__Bacteria|p__Firmicutes|c__Bacilli|o__Lactobacillales|f__Lactobacillaceae|g__Lactobacillus|s__Lactobacillus_vaginalis	0.05553	0.02082	0.0	0.0	0.0	0.0	0.0	0.0	0.11137	0.04252	0.0	0.04156	0.00231	0.00152	0.10884	0.05934	0.0	0.04151	0.0	0.21747	0.4396	0.0	0.05589	0.0	0.0	0.2018	0.0	0.89294	0.27142	0.0	0.00848	0.0	0.0816	0.0007	0.21761	0.0	0.0	1.38047	0.0014	0.48564	0.0	0.0	0.0	0.17471	0.0	0.04256	0.12081	0.0	0.62748	0.0	0.1492
k__Bacteria|p__Firmicutes|c__Negativicutes	0.00174	0.0	0.00473	0.00479	0.0	0.0	0.00525	0.02283	0.00279	0.0078	1.82039	0.00293	0.04341	0.02298	0.01465	0.0	0.0	0.0	0.01533	0.00112	0.03422	0.04795	0.97643	1.03977	0.0	0.01079	0.00089	0.01022	0.0	0.004	0.00038	0.0	0.05399	0.0	0.0112	0.00821	0.0	0.06212	0.00167	0.04445	0.0	0.9061	0.00471	0.02114	0.03265	0.0046	0.0033	0.00026	0.04574	0.0	0.00095
k__Bacteria|p__Firmicutes|c__Negativicutes|o__Selenomonadales	0.00174	0.0	0.00473	0.00479	0.0	0.0	0.00525	0.02283	0.00279	0.0078	1.82039	0.00293	0.04341	0.02298	0.01465	0.0	0.0	0.0	0.01533	0.00112	0.03422	0.04795	0.97643	1.03977	0.0	0.01079	0.00089	0.01022	0.0	0.004	0.00038	0.0	0.05399	0.0	0.0112	0.00821	0.0	0.06212	0.00167	0.04445	0.0	0.9061	0.00471	0.02114	0.03265	0.0046	0.0033	0.00026	0.04574	0.0	0.00095
k__Bacteria|p__Firmicutes|c__Negativicutes|o__Selenomonadales|f__Veillonellaceae	0.00174	0.0	0.00254	0.00479	0.0	0.0	0.00525	0.02283	0.00279	0.0078	1.82039	0.00293	0.04341	0.02298	0.01465	0.0	0.0	0.0	0.01533	0.00112	0.03422	0.04795	0.97643	1.03977	0.0	0.01079	0.00089	0.01022	0.0	0.004	0.00038	0.0	0.03554	0.0	0.0112	0.00821	0.0	0.06212	0.00167	0.04445	0.0	0.9061	0.00448	0.02114	0.03265	0.0046	0.0033	0.00026	0.04574	0.0	0.00095
k__Bacteria|p__Proteobacteria	0.03873	0.17269	0.01508	0.08832	0.00138	0.03077	0.07016	0.09607	0.02443	0.06444	0.3162	0.0136	0.12266	0.06565	0.03818	0.06829	0.0075	0.3418	0.00187	0.00717	0.04813	0.01555	0.06849	0.0732	0.00319	0.03011	0.09259	0.01705	0.97189	0.04755	0.07138	0.00216	0.18399	0.00407	0.0912	0.09521	0.07163	0.01619	0.03432	0.28111	0.00532	0.02441	0.0167	0.15663	0.0	0.01144	0.08066	0.34696	0.01772	0.0461	0.74239
k__Bacteria|p__Firmicutes|c__Negativicutes|o__Selenomonadales|f__Veillonellaceae|g__Dialister	0.00174	0.0	0.0	0.00479	0.0	0.0	0.00222	0.00963	0.0	0.00677	1.60045	0.00174	0.0	0.0	0.0	0.0	0.0	0.0	0.01216	0.00067	0.03118	0.03096	0.97486	0.98095	0.0	0.00593	0.0	0.00144	0.0	0.004	0.00038	0.0	0.0	0.0	0.00631	0.0	0.0	0.05498	0.00031	0.0	0.0	0.88828	0.00045	0.01218	0.0	0.00238	0.00021	0.00026	0.04034	0.0	0.00095
k__Bacteria|p__Firmicutes|c__Negativicutes|o__Selenomonadales|f__Veillonellaceae|g__Dialister|s__Dialister_microaerophilus	0.0	0.0	0.0	0.00409	0.0	0.0	0.00191	0.00963	0.0	0.00633	1.60045	0.00174	0.0	0.0	0.0	0.0	0.0	0.0	0.0	0.00054	0.03118	0.02331	0.97486	0.97734	0.0	0.00593	0.0	0.00144	0.0	0.004	0.00038	0.0	0.0	0.0	0.0	0.0	0.0	0.05347	0.00031	0.0	0.0	0.88684	0.0	0.0	0.0	0.00227	0.0	0.00026	0.03975	0.0	0.00095
k__Bacteria|p__Cyanobacteria	0.26927	0.0	0.22994	0.0	0.0	0.0	0.00011	0.31327	0.0	0.0	0.0	0.0	0.0	0.0	0.13034	0.0	0.0	0.14645	0.0	0.16161	0.0	0.19112	0.08822	0.03745	0.0	0.0	0.16462	0.15256	0.55188	0.0	0.0	0.36667	0.00134	0.0	0.0	0.19249	0.0	0.0	0.0	0.2372	0.0	0.01362	0.0	0.0	0.0	0.0	0.18649	0.01554	0.20945	0.34049	0.18915
k__Bacteria|p__Cyanobacteria|c__Cyanophyceae	0.26927	0.0	0.22994	0.0	0.0	0.0	0.00011	0.31327	0.0	0.0	0.0	0.0	0.0	0.0	0.13034	0.0	0.0	0.14645	0.0	0.16161	0.0	0.19112	0.08822	0.03745	0.0	0.0	0.16462	0.15256	0.55188	0.0	0.0	0.36667	0.00134	0.0	0.0	0.19249	0.0	0.0	0.0	0.2372	0.0	0.01362	0.0	0.0	0.0	0.0	0.18649	0.01554	0.20945	0.34049	0.18915
k__Bacteria|p__Cyanobacteria|c__Cyanophyceae|o__Chroococcales|f__Cyanobacteriaceae|g__Cyanobacteriaceae_unclassified	0.26927	0.0	0.22994	0.0	0.0	0.0	0.0	0.31327	0.0	0.0	0.0	0.0	0.0	0.0	0.13034	0.0	0.0	0.14645	0.0	0.16156	0.0	0.19112	0.08822	0.03612	0.0	0.0	0.16462	0.15256	0.55188	0.0	0.0	0.36667	0.0	0.0	0.0	0.19249	0.0	0.0	0.0	0.2372	0.0	0.01309	0.0	0.0	0.0	0.0	0.18649	0.01554	0.20945	0.34049	0.18915
k__Bacteria|p__Cyanobacteria|c__Cyanophyceae|o__Chroococcales|f__Cyanobacteriaceae	0.26927	0.0	0.22994	0.0	0.0	0.0	0.0	0.31327	0.0	0.0	0.0	0.0	0.0	0.0	0.13034	0.0	0.0	0.14645	0.0	0.16156	0.0	0.19112	0.08822	0.03612	0.0	0.0	0.16462	0.15256	0.55188	0.0	0.0	0.36667	0.0	0.0	0.0	0.19249	0.0	0.0	0.0	0.2372	0.0	0.01309	0.0	0.0	0.0	0.0	0.18649	0.01554	0.20945	0.34049	0.18915
k__Bacteria|p__Cyanobacteria|c__Cyanophyceae|o__Chroococcales	0.26927	0.0	0.22994	0.0	0.0	0.0	0.0	0.31327	0.0	0.0	0.0	0.0	0.0	0.0	0.13034	0.0	0.0	0.14645	0.0	0.16156	0.0	0.19112	0.08822	0.03612	0.0	0.0	0.16462	0.15256	0.55188	0.0	0.0	0.36667	0.0	0.0	0.0	0.19249	0.0	0.0	0.0	0.2372	0.0	0.01309	0.0	0.0	0.0	0.0	0.18649	0.01554	0.20945	0.34049	0.18915
k__Bacteria|p__Actinobacteria|c__Actinobacteria|o__Actinomycetales	0.05712	0.04644	0.1873	0.02553	0.01547	0.01425	0.05749	0.07298	0.06303	0.01204	0.32489	0.00271	0.02363	0.09143	0.0198	0.01348	0.00223	0.03327	0.01844	0.00284	0.03746	0.01351	0.10548	0.07453	0.00671	0.01232	0.06525	0.03777	0.03008	0.05467	0.00608	0.01288	0.05966	0.06048	0.11269	0.08612	0.09339	0.04602	0.01622	0.64405	0.02576	0.0004	0.01971	0.01297	0.01187	0.01319	1.32959	0.03672	0.00967	0.01887	0.03153
k__Bacteria|p__Proteobacteria|c__Gammaproteobacteria	0.03565	0.0033	0.00579	0.03433	0.0	0.02351	0.04756	0.08204	0.00965	0.00882	0.22913	0.00332	0.04146	0.05452	0.03655	0.04514	0.00615	0.2911	0.0	0.00498	0.0	0.0075	0.04994	0.00246	0.00196	0.0067	0.05225	0.01107	0.7854	0.04387	0.0669	0.0	0.10011	0.00273	0.02615	0.02725	0.00117	0.00779	0.02481	0.04153	0.00162	0.00048	0.0059	0.15495	0.0	0.0057	0.07131	0.32489	0.00324	0.00493	0.70501
k__Bacteria|p__Tenericutes|c__Mollicutes|o__Mycoplasmatales|f__Mycoplasmataceae|g__Ureaplasma|s__Ureaplasma_unclassified	0.0	0.0	0.34205	0.0	0.0	0.0	0.0	0.0	0.46556	0.01192	0.0	0.0	0.0	0.0	0.49242	0.0	0.0	0.0	0.0	0.0013	0.0	0.0	0.04729	0.09255	0.0	0.1129	0.0	0.43488	0.0	0.0	0.0	0.0	0.0	0.0	0.0	0.0	0.96898	0.0	0.0	0.0	0.0	0.00398	0.0	0.0	0.0	0.0	0.0	0.06828	0.0	0.0	0.0
k__Bacteria|p__Actinobacteria|c__Actinobacteria|o__Actinomycetales|f__Propionibacteriaceae	0.0347	0.04391	0.1873	0.02267	0.01547	0.01149	0.01933	0.02292	0.05317	0.00848	0.26917	0.00037	0.01526	0.07765	0.01649	0.00926	0.00134	0.015	0.01236	0.00194	0.01349	0.00783	0.09593	0.0185	0.00671	0.00635	0.01495	0.0082	0.01739	0.04569	0.00328	0.01288	0.05278	0.0597	0.00807	0.04013	0.07059	0.03548	0.01342	0.0915	0.02505	0.00027	0.01409	0.00467	0.00525	0.01319	1.24018	0.00416	0.00611	0.01599	0.01352
k__Bacteria|p__Actinobacteria|c__Actinobacteria|o__Actinomycetales|f__Propionibacteriaceae|g__Propionibacterium	0.0347	0.04391	0.1873	0.02267	0.01547	0.01149	0.01933	0.02292	0.05317	0.00848	0.26917	0.00037	0.01526	0.07765	0.01649	0.00926	0.00134	0.015	0.01236	0.00194	0.01349	0.00783	0.09593	0.0185	0.00671	0.00635	0.01495	0.0082	0.01739	0.04569	0.00328	0.01288	0.05278	0.0597	0.00807	0.04013	0.07059	0.03548	0.01342	0.0915	0.02505	0.00027	0.01409	0.00467	0.00525	0.01319	1.24018	0.00416	0.00611	0.01599	0.01352
k__Bacteria|p__Actinobacteria|c__Actinobacteria|o__Actinomycetales|f__Propionibacteriaceae|g__Propionibacterium|s__Propionibacterium_acnes	0.0347	0.04391	0.1873	0.02267	0.01547	0.01149	0.01933	0.02292	0.05317	0.00848	0.26622	0.00037	0.01526	0.07765	0.01649	0.00926	0.00134	0.015	0.01141	0.00194	0.01349	0.00783	0.09593	0.0185	0.00671	0.00635	0.01495	0.0082	0.01739	0.04569	0.00328	0.01288	0.05278	0.0597	0.00807	0.04013	0.07059	0.03548	0.01342	0.0915	0.02505	0.00027	0.01409	0.00467	0.00525	0.01319	1.24018	0.00416	0.00611	0.01599	0.01352
k__Bacteria|p__Firmicutes|c__Bacilli|o__Lactobacillales|f__Lactobacillaceae|g__Lactobacillus|s__Lactobacillus_delbrueckii	0.0	0.0	0.0	0.0	0.0	0.0	0.0	0.0	0.0	0.0	2.70991	0.0	0.0	0.0	0.0	0.0	0.0	0.0	0.0	0.0	0.0	0.0	0.00139	0.0	0.0	0.0	0.0	0.0	0.0	0.0	0.00018	0.0	0.0	0.00066	0.0	0.0	0.0	0.0	0.00015	0.0	0.0	0.0	0.0	0.0	0.0035	0.00022	0.00042	0.0	0.0	0.0	0.0
k__Bacteria|p__Firmicutes|c__Bacilli|o__Lactobacillales|f__Streptococcaceae	0.14257	0.01446	0.01845	0.00868	0.00159	0.00178	0.0169	0.03522	0.0	0.00224	0.90291	0.00029	0.04732	0.02703	0.00084	0.00177	0.0219	0.01418	0.01978	0.0004	0.0	0.0	0.03249	0.00487	0.01561	0.00809	0.01104	0.09088	0.0	0.03579	0.00221	0.00228	0.08798	0.00992	0.04584	0.05617	0.00088	0.30587	0.0208	0.04284	0.00236	0.00016	0.01415	0.02625	0.00393	0.0007	0.07509	0.01502	0.52438	0.0	0.0
k__Bacteria|p__Firmicutes|c__Bacilli|o__Lactobacillales|f__Streptococcaceae|g__Streptococcus	0.14049	0.01446	0.01845	0.00868	0.00159	0.00178	0.0169	0.03522	0.0	0.00224	0.83545	0.00029	0.04732	0.02535	0.00084	0.00114	0.0219	0.01418	0.01978	0.0004	0.0	0.0	0.01868	0.00212	0.01561	0.00809	0.01104	0.09088	0.0	0.03579	0.00178	0.00228	0.08798	0.0076	0.04584	0.04889	0.00088	0.30587	0.0208	0.04163	0.00236	0.0	0.01415	0.02625	0.00393	0.00044	0.07142	0.01445	0.52438	0.0	0.0
k__Bacteria|p__Proteobacteria|c__Gammaproteobacteria|o__Pseudomonadales	0.00307	0.00116	0.00248	0.00116	0.0	0.00496	0.04152	0.00481	0.00098	0.00041	0.00885	0.0	0.00941	0.03049	0.02959	0.01827	0.00204	0.26345	0.0	0.00125	0.0	0.0	0.02358	0.0	0.00196	0.00614	0.02889	0.00101	0.7854	0.00272	0.05229	0.0	0.00539	0.002	0.00059	0.02386	0.00117	0.00779	0.02019	0.00198	0.0	0.00014	0.00264	0.14809	0.0	0.00171	0.01301	0.30966	0.00016	0.0	0.65198
k__Bacteria|p__Bacteroidetes|c__Bacteroidia|o__Bacteroidales|f__Bacteroidaceae|g__Bacteroides|s__Bacteroides_vulgatus	0.0	0.0	0.05373	0.0	0.0	0.00983	0.0	0.0	0.0	0.0	0.26341	0.00036	0.01492	0.00984	0.0	0.0	0.0	0.01579	0.0	0.0	0.0	0.04466	0.0	0.01842	0.0	0.00483	0.0	0.0	0.0	0.01737	0.00249	0.0	1.85221	0.0	0.0442	0.01657	0.0	0.02111	0.0	0.0	0.01008	0.0	0.0	0.0	0.0	0.0	0.00287	0.0	0.00204	0.0	0.0
k__Bacteria|p__Proteobacteria|c__Gammaproteobacteria|o__Pseudomonadales|f__Pseudomonadaceae|g__Pseudomonas	0.00307	0.00116	0.0	0.00041	0.0	0.00496	0.03977	0.0	0.0	0.0	0.0	0.0	0.00941	0.02229	0.02794	0.01627	0.00039	0.26239	0.0	0.00112	0.0	0.0	0.0024	0.0	0.0	0.0	0.02726	0.0006	0.7854	0.0	0.05137	0.0	0.0	0.0	0.0	0.01056	0.00117	0.00449	0.01929	0.00089	0.0	0.0	0.00136	0.1261	0.0	0.0	0.00201	0.30879	0.0	0.0	0.61702
k__Bacteria|p__Proteobacteria|c__Gammaproteobacteria|o__Pseudomonadales|f__Pseudomonadaceae	0.00307	0.00116	0.0	0.00041	0.0	0.00496	0.03977	0.0	0.0	0.0	0.0	0.0	0.00941	0.02229	0.02794	0.01627	0.00039	0.26239	0.0	0.00112	0.0	0.0	0.0024	0.0	0.0	0.0	0.02726	0.0006	0.7854	0.0	0.05137	0.0	0.0	0.0	0.0	0.01056	0.00117	0.00449	0.01929	0.00089	0.0	0.0	0.00136	0.1261	0.0	0.0	0.00201	0.30879	0.0	0.0	0.61702
k__Bacteria|p__Firmicutes|c__Clostridia|o__Clostridiales|f__Clostridiales_Family_XI_Incertae_Sedis	0.00673	0.02359	0.0	0.03672	0.0165	0.0	0.06162	0.0	0.00214	0.0188	0.08669	0.01082	0.00315	0.00384	0.00174	0.02074	0.00854	0.00522	0.00115	0.01037	0.33325	0.0	0.00843	0.57071	0.0	0.1392	0.0007	0.03541	0.01359	0.06701	0.00141	0.00967	0.01243	0.00128	0.00103	0.00301	0.03036	0.11045	0.00615	0.00363	0.00302	0.21834	0.00848	0.00863	0.01582	0.01654	0.01118	0.01564	0.33589	0.0	0.03549
k__Bacteria|p__Actinobacteria|c__Actinobacteria|o__Bifidobacteriales|f__Bifidobacteriaceae|g__Bifidobacterium|s__Bifidobacterium_catenulatum	0.0	0.0	0.0	0.0	0.0	0.0	0.0	0.0	0.0	0.0	2.25379	0.0	0.0	0.0	0.0	0.0	0.0	0.0	0.0	0.0	0.0	0.0	0.0	0.0	0.0	0.0	0.0	0.0	0.0	0.0	0.0	0.0	0.0	0.0	0.0	0.0	0.0	0.0	0.0	0.0	0.0	0.0	0.0	0.0	0.0	0.0	0.0	0.0	0.0	0.0	0.0
k__Bacteria|p__Firmicutes|c__Bacilli|o__Lactobacillales|f__Lactobacillaceae|g__Lactobacillus|s__Lactobacillus_amylovorus	0.00123	0.0	0.0	0.0	0.0857	0.0	0.05029	0.0	0.0	0.00031	0.0	0.06355	0.08299	0.001	0.64378	0.00038	0.0	0.0	0.00144	0.0	0.07846	0.0	0.0	0.0	0.0	0.0952	0.0	0.00108	0.0	0.0	0.11685	0.0	0.02436	0.00092	0.20121	0.0	0.0	0.0	0.04534	0.0	0.0	0.0	0.12667	0.01079	0.0	0.0006	0.0	0.10701	0.00186	0.0	0.0
k__Bacteria|p__Firmicutes|c__Clostridia|o__Clostridiales|f__Eubacteriaceae	0.0034	0.0	0.00436	0.0	0.0	0.0	0.00133	0.00223	0.0	0.00712	0.00587	0.00067	0.13736	0.0	0.0157	0.00053	0.0	0.0	0.00095	0.00037	0.0	0.03031	0.0	0.00935	0.0	0.0	0.00037	0.00204	0.00918	0.00478	0.00053	0.0	1.39269	0.0	0.00779	0.0	0.0	0.0057	0.00127	0.00295	0.0	0.00026	0.0	0.00439	0.00669	0.00021	0.0077	0.0	0.0	0.00283	0.00175
k__Bacteria|p__Firmicutes|c__Clostridia|o__Clostridiales|f__Eubacteriaceae|g__Eubacterium	0.0034	0.0	0.00436	0.0	0.0	0.0	0.00133	0.00223	0.0	0.00712	0.00587	0.00067	0.13736	0.0	0.0157	0.00053	0.0	0.0	0.00095	0.00031	0.0	0.03031	0.0	0.00935	0.0	0.0	0.00037	0.00204	0.0	0.00478	0.00053	0.0	1.39269	0.0	0.00779	0.0	0.0	0.0057	0.00127	0.00295	0.0	0.00026	0.0	0.00439	0.00669	0.00021	0.0077	0.0	0.0	0.00283	0.00175
k__Bacteria|p__Proteobacteria|c__Gammaproteobacteria|o__Pseudomonadales|f__Pseudomonadaceae|g__Pseudomonas|s__Pseudomonas_fluorescens	0.0	0.0	0.0	0.0	0.0	0.0	0.02154	0.0	0.0	0.0	0.0	0.0	0.0	0.01812	0.0198	0.00686	0.0	0.14545	0.0	0.0	0.0	0.0	0.0	0.0	0.0	0.0	0.01932	0.0	0.65775	0.0	0.02757	0.0	0.0	0.0	0.0	0.0	0.0	0.0	0.01487	0.0	0.0	0.0	0.0	0.07855	0.0	0.0	0.0	0.2007	0.0	0.0	0.42028
k__Bacteria|p__Firmicutes|c__Clostridia|o__Clostridiales|f__Eubacteriaceae|g__Eubacterium|s__Eubacterium_rectale	0.00173	0.0	0.00218	0.0	0.0	0.0	0.00104	0.00223	0.0	0.00608	0.0	0.00067	0.11877	0.0	0.00611	0.00053	0.0	0.0	0.0	6e-05	0.0	0.01207	0.0	0.0	0.0	0.0	0.00037	0.00114	0.0	0.00247	0.00053	0.0	1.33535	0.0	0.00314	0.0	0.0	0.0	0.00086	0.00151	0.0	0.00013	0.0	0.0	0.00341	0.00021	0.00633	0.0	0.0	0.00283	0.00175
k__Bacteria|p__Bacteroidetes|c__Bacteroidia|o__Bacteroidales|f__Prevotellaceae|g__Prevotella|s__Prevotella_bivia	0.0	0.00235	0.0	0.0	0.0	0.0	0.01392	0.0	0.0	0.04203	0.01659	0.00755	0.0	0.0	0.00162	0.0	0.0	0.0	0.0	0.0	0.04187	0.0	0.00288	0.03792	0.0	0.03684	0.0	0.01778	0.0	0.01969	0.0017	0.0	0.0196	0.0	0.0	0.0	0.00932	0.06063	0.00671	0.0	0.0	0.31323	0.00191	0.00967	0.0	0.01499	0.0	0.00152	0.52121	0.0	0.0
k__Bacteria|p__Actinobacteria|c__Actinobacteria|o__Coriobacteriales|f__Coriobacteriaceae|g__Atopobium|s__Atopobium_parvulum	0.0	0.0	0.0	0.0	0.0	0.0	0.0	0.00232	0.0	0.0	0.99452	0.0	0.00331	0.00073	0.0	0.0	0.0	0.0	0.0	0.0	0.0	0.0	0.0007	0.00409	0.0	0.00036	0.00039	0.0	0.0	0.0	0.0	0.0	0.0	0.0	0.0	0.00245	0.0	0.0	0.0	0.00157	0.0	0.01168	0.0	0.0	0.0	0.0	0.00021	0.0	0.00106	0.00295	0.0
k__Bacteria|p__Bacteroidetes|c__Bacteroidia|o__Bacteroidales|f__Bacteroidaceae|g__Bacteroides|s__Bacteroides_ovatus	0.0	0.0	0.0	0.0	0.0	0.0	0.00156	0.0167	0.0	0.0	0.21035	0.0	0.0	0.0	0.10301	0.0	0.0	0.00841	0.0	0.0	0.0	0.00951	0.0	0.0	0.0	0.01542	0.0	0.0	0.0	0.0	0.00266	0.0	0.53249	0.0	0.00471	0.01008	0.0	0.0	0.0	0.01507	0.0	0.0	0.0	0.0	0.0	0.0	0.0	0.0	0.00217	0.0	0.0
k__Bacteria|p__Bacteroidetes|c__Bacteroidia|o__Bacteroidales|f__Prevotellaceae|g__Prevotella|s__Prevotella_buccalis	0.00336	0.0	0.0	0.00167	0.00243	0.0	0.00282	0.0	0.0	0.00253	0.0	0.00086	0.0	0.0	0.0	0.0036	0.00021	0.0	0.0	0.00049	0.01018	0.0	0.0	0.13805	0.0	0.00333	0.0	0.0	0.02051	0.0	0.00034	0.00203	0.00255	0.0	0.0	0.0	0.0	0.00873	0.00028	0.0	0.0	0.70119	0.0	0.0	0.0	0.0002	0.0	0.0	0.01799	0.0	0.00298
k__Bacteria|p__Bacteroidetes|c__Bacteroidia|o__Bacteroidales|f__Prevotellaceae|g__Prevotella|s__Prevotella_copri	0.00184	0.00157	0.04755	0.0	0.0	0.0	0.0	0.0	0.0	0.0	0.00663	0.0	0.07662	0.00149	0.0	0.0	0.0	0.0	0.0	0.00013	0.0	0.0	0.0	0.03861	0.0	0.0	0.0	0.0	0.0	0.0	0.0	0.0	0.72622	0.0	0.0	0.00072	0.0	0.00319	0.0	0.0	0.0	0.0	0.0	0.0	0.0	0.0	0.00195	0.0	0.00062	0.0	0.00093
k__Bacteria|p__Firmicutes|c__Bacilli|o__Lactobacillales|f__Lactobacillaceae|g__Lactobacillus|s__Lactobacillus_fermentum	0.0	0.0	0.0	0.0	0.0	0.01426	0.0	0.0	0.0	0.0	0.62277	0.0	0.0	0.0	0.0	0.0	0.0	0.0	0.00229	0.0	0.0	0.0	0.0	0.0	0.0	0.0	0.0	0.0	0.0	0.0	0.0	0.0	0.0	0.0	0.0	0.0	0.09112	0.0	0.0	0.0	0.00081	0.0	0.0	0.0	0.0	0.0	0.0	0.0	0.0	0.0	0.0
